<?xml version="1.0"?>
<!DOCTYPE Section SYSTEM "section.dtd">

<Section index="21" thickness="0.05" alignLocked="false">
<Transform dim="0"
 xcoef=" 0 1 0 0 0 0"
 ycoef=" 0 0 1 0 0 0">
<Image mag="0.00254" contrast="1" brightness="0" red="true" green="true" blue="true"
 src="../organelle_images/cell_slice_134.jpg" />
<Contour name="domain1" hidden="false" closed="true" simplified="false" border="1 0 1" fill="1 0 1" mode="11"
 points="0 0,
	479 0,
	479 479,
	0 479,
	"/>
</Transform>

<Transform dim="0"
 xcoef=" 0 1 0 0 0 0"
 ycoef=" 0 0 1 0 0 0">
<Contour name="Cell" hidden="false" closed="true" simplified="true" border="1 0.5 0" fill="1 0.5 0" mode="13"
 points="0.28702 0.55118,
	0.2921 0.51054,
	0.2921 0.49022,
	0.30734 0.44958,
	0.3175 0.42926,
	0.35306 0.3937,
	0.37338 0.38354,
	0.38862 0.37084,
	0.42672 0.35052,
	0.46736 0.3429,
	0.47752 0.34036,
	0.48768 0.33274,
	0.56896 0.33782,
	0.58928 0.33782,
	0.6096 0.3429,
	0.61976 0.3429,
	0.6604 0.3556,
	0.70104 0.35814,
	0.74168 0.37592,
	0.762 0.38862,
	0.76708 0.3937,
	0.77216 0.3937,
	0.7874 0.4064,
	0.79756 0.41402,
	0.80518 0.43434,
	0.81026 0.43942,
	0.82804 0.48006,
	0.8382 0.49276,
	0.84582 0.5334,
	0.84836 0.61468,
	0.84836 0.635,
	0.84836 0.64516,
	0.84836 0.65024,
	0.84328 0.65532,
	0.82804 0.69596,
	0.82042 0.70612,
	0.82042 0.7112,
	0.81534 0.71628,
	0.80772 0.7366,
	0.79502 0.75692,
	0.78486 0.762,
	0.76962 0.78232,
	0.76454 0.78994,
	0.74676 0.80772,
	0.72644 0.81534,
	0.70612 0.83058,
	0.69596 0.83312,
	0.69088 0.8382,
	0.65024 0.85344,
	0.63246 0.86614,
	0.61214 0.87376,
	0.5715 0.87122,
	0.53086 0.8636,
	0.51054 0.85852,
	0.49022 0.85852,
	0.4699 0.84836,
	0.46482 0.84328,
	0.45466 0.84328,
	0.41402 0.8255,
	0.40386 0.81788,
	0.39878 0.81788,
	0.37846 0.80518,
	0.3683 0.8001,
	0.36576 0.79502,
	0.36068 0.79502,
	0.32258 0.76708,
	0.3175 0.75692,
	0.31242 0.75184,
	0.31242 0.74676,
	0.30734 0.74422,
	0.29464 0.70358,
	0.28702 0.6223,
	0.28702 0.58166,
	0.28702 0.56134,
	0.28702 0.55372,
	"/>
</Transform>

</Section>