<?xml version="1.0"?>
<!DOCTYPE Section SYSTEM "section.dtd">

<Section index="11" thickness="0.05" alignLocked="false">
<Transform dim="0"
 xcoef=" 0 1 0 0 0 0"
 ycoef=" 0 0 1 0 0 0">
<Image mag="0.00254" contrast="1" brightness="0" red="true" green="true" blue="true"
 src="../organelle_images/cell_slice_074.jpg" />
<Contour name="domain1" hidden="false" closed="true" simplified="false" border="1 0 1" fill="1 0 1" mode="11"
 points="0 0,
	479 0,
	479 479,
	0 479,
	"/>
</Transform>

<Transform dim="0"
 xcoef=" 0 1 0 0 0 0"
 ycoef=" 0 0 1 0 0 0">
<Contour name="Cell" hidden="false" closed="true" simplified="true" border="1 0.5 0" fill="1 0.5 0" mode="13"
 points="0.17526 0.5969,
	0.18034 0.55626,
	0.18034 0.53594,
	0.18034 0.52578,
	0.20066 0.48514,
	0.2159 0.46736,
	0.22606 0.4572,
	0.23876 0.43942,
	0.24384 0.42926,
	0.254 0.4191,
	0.28702 0.3937,
	0.28702 0.38862,
	0.30226 0.37084,
	0.31242 0.35306,
	0.32766 0.33528,
	0.4064 0.28194,
	0.42418 0.26924,
	0.43434 0.2667,
	0.43942 0.26162,
	0.48006 0.24892,
	0.49022 0.24384,
	0.51054 0.2413,
	0.53086 0.23114,
	0.55118 0.23114,
	0.56134 0.23114,
	0.5715 0.22606,
	0.61214 0.22606,
	0.6223 0.22606,
	0.64262 0.23368,
	0.66294 0.23368,
	0.68326 0.2413,
	0.69342 0.24384,
	0.6985 0.24384,
	0.70358 0.24892,
	0.7239 0.254,
	0.762 0.27686,
	0.76962 0.28194,
	0.7874 0.29972,
	0.79756 0.30226,
	0.8382 0.3302,
	0.85852 0.34544,
	0.86868 0.3556,
	0.87376 0.36576,
	0.87884 0.37084,
	0.88138 0.381,
	0.889 0.38862,
	0.889 0.3937,
	0.9017 0.41148,
	0.9017 0.41656,
	0.90932 0.42672,
	0.90932 0.43688,
	0.91694 0.44704,
	0.92964 0.48768,
	0.93218 0.49784,
	0.9398 0.50546,
	0.94488 0.52578,
	0.94742 0.53594,
	0.94742 0.54102,
	0.9525 0.5461,
	0.95504 0.62738,
	0.95504 0.6477,
	0.94742 0.66802,
	0.94488 0.68834,
	0.92964 0.72898,
	0.92456 0.7493,
	0.91948 0.75438,
	0.90424 0.79502,
	0.89154 0.81534,
	0.87376 0.83566,
	0.8636 0.84074,
	0.82296 0.87376,
	0.78232 0.9017,
	0.74168 0.92202,
	0.72136 0.92964,
	0.7112 0.93472,
	0.69088 0.93726,
	0.6858 0.94234,
	0.66548 0.94742,
	0.65532 0.9525,
	0.61468 0.9525,
	0.57404 0.96012,
	0.5334 0.96266,
	0.49276 0.95504,
	0.45212 0.9398,
	0.4318 0.92964,
	0.42164 0.92202,
	0.41656 0.92202,
	0.41148 0.91694,
	0.4064 0.91694,
	0.40386 0.91186,
	0.39878 0.91186,
	0.39116 0.9017,
	0.37084 0.889,
	0.36068 0.88646,
	0.3429 0.87122,
	0.33528 0.86614,
	0.31496 0.84582,
	0.3048 0.8382,
	0.3048 0.83312,
	0.2667 0.79756,
	0.25654 0.78994,
	0.24384 0.7747,
	0.23368 0.76454,
	0.2286 0.75438,
	0.22352 0.75184,
	0.20574 0.7112,
	0.19812 0.69088,
	0.19812 0.68072,
	0.18542 0.6604,
	0.17526 0.61976,
	0.17526 0.59944,
	"/>
</Transform>

<Transform dim="0"
 xcoef=" 0 1 0 0 0 0"
 ycoef=" 0 0 1 0 0 0">
<Contour name="org1" hidden="false" closed="true" simplified="true" border="0 0.501961 0.25098" fill="0 0.501961 0.25098" mode="13"
 points="0.382185 0.724439,
	0.385607 0.715313,
	0.385607 0.710749,
	0.38903 0.701622,
	0.391311 0.699341,
	0.394734 0.690214,
	0.394734 0.685651,
	0.397016 0.68451,
	0.397016 0.682228,
	0.399297 0.679946,
	0.401579 0.67082,
	0.414128 0.654848,
	0.447213 0.63089,
	0.45634 0.625186,
	0.465467 0.621763,
	0.48372 0.622904,
	0.501974 0.626326,
	0.506537 0.628608,
	0.508819 0.628608,
	0.511101 0.63089,
	0.515664 0.63089,
	0.524791 0.634312,
	0.525932 0.636594,
	0.544185 0.64458,
	0.553312 0.650284,
	0.561298 0.65827,
	0.564721 0.662834,
	0.569284 0.681087,
	0.571566 0.717594,
	0.570425 0.735848,
	0.567002 0.754102,
	0.565861 0.763228,
	0.562439 0.772355,
	0.560157 0.776919,
	0.555594 0.781482,
	0.538481 0.794031,
	0.533918 0.795172,
	0.515664 0.806581,
	0.513382 0.806581,
	0.511101 0.808862,
	0.501974 0.810003,
	0.492847 0.813426,
	0.474593 0.814567,
	0.45634 0.813426,
	0.438086 0.807722,
	0.433523 0.804299,
	0.431241 0.804299,
	0.415269 0.79289,
	0.401579 0.775778,
	0.392452 0.770073,
	0.384466 0.754102,
	0.382185 0.744975,
	0.382185 0.726721,
	0.382185 0.72558,
	"/>
</Transform>

</Section>