<?xml version="1.0"?>
<!DOCTYPE Section SYSTEM "section.dtd">

<Section index="10" thickness="0.05" alignLocked="false">
<Transform dim="0"
 xcoef=" 0 1 0 0 0 0"
 ycoef=" 0 0 1 0 0 0">
<Image mag="0.00254" contrast="1" brightness="0" red="true" green="true" blue="true"
 src="../organelle_images/cell_slice_068.jpg" />
<Contour name="domain1" hidden="false" closed="true" simplified="false" border="1 0 1" fill="1 0 1" mode="11"
 points="0 0,
	479 0,
	479 479,
	0 479,
	"/>
</Transform>

<Transform dim="0"
 xcoef=" 0 1 0 0 0 0"
 ycoef=" 0 0 1 0 0 0">
<Contour name="Cell" hidden="false" closed="true" simplified="true" border="1 0.5 0" fill="1 0.5 0" mode="13"
 points="0.2159 0.54356,
	0.22098 0.53848,
	0.22352 0.51816,
	0.23876 0.48006,
	0.23876 0.4699,
	0.24384 0.46482,
	0.24384 0.45466,
	0.25908 0.41402,
	0.26162 0.40386,
	0.26924 0.3937,
	0.27686 0.37338,
	0.28448 0.36576,
	0.28702 0.3556,
	0.30226 0.33782,
	0.31242 0.3302,
	0.3175 0.3302,
	0.32258 0.32258,
	0.3937 0.27432,
	0.39878 0.26924,
	0.40386 0.26924,
	0.41148 0.26162,
	0.45212 0.24892,
	0.4572 0.24892,
	0.46228 0.24384,
	0.50292 0.23876,
	0.54356 0.24384,
	0.5842 0.24384,
	0.60452 0.24638,
	0.61468 0.24638,
	0.635 0.254,
	0.71628 0.25654,
	0.7366 0.2667,
	0.75692 0.26924,
	0.77724 0.2794,
	0.78232 0.2794,
	0.79502 0.29718,
	0.8001 0.30226,
	0.80772 0.32258,
	0.81788 0.33274,
	0.84074 0.37338,
	0.85852 0.39116,
	0.88392 0.4318,
	0.89662 0.44958,
	0.90424 0.4572,
	0.90678 0.46482,
	0.92202 0.48514,
	0.93472 0.49784,
	0.9398 0.51816,
	0.94742 0.52832,
	0.9525 0.54864,
	0.9525 0.62992,
	0.94996 0.67056,
	0.9398 0.7112,
	0.93218 0.73152,
	0.92964 0.74168,
	0.92964 0.74676,
	0.91694 0.76708,
	0.90678 0.77724,
	0.89662 0.79756,
	0.88138 0.81534,
	0.86106 0.83312,
	0.8509 0.8382,
	0.8382 0.85598,
	0.79756 0.89154,
	0.78994 0.89916,
	0.78486 0.9017,
	0.78486 0.90678,
	0.74422 0.92202,
	0.7239 0.92964,
	0.70358 0.93218,
	0.69342 0.93726,
	0.65278 0.9398,
	0.61214 0.94996,
	0.59182 0.95758,
	0.55118 0.95504,
	0.53086 0.9525,
	0.5207 0.9525,
	0.48006 0.93726,
	0.45974 0.9271,
	0.45466 0.9271,
	0.44704 0.91694,
	0.43688 0.91694,
	0.41656 0.90424,
	0.4064 0.9017,
	0.39624 0.89408,
	0.39116 0.889,
	0.37084 0.88138,
	0.3302 0.85598,
	0.32004 0.84582,
	0.30988 0.84074,
	0.27686 0.80518,
	0.26924 0.79756,
	0.2667 0.7874,
	0.24892 0.77216,
	0.24892 0.76708,
	0.2413 0.75692,
	0.23622 0.75184,
	0.22606 0.7112,
	0.22606 0.70104,
	0.22098 0.69088,
	0.2159 0.65024,
	0.2159 0.56896,
	0.2159 0.54864,
	0.2159 0.5461,
	"/>
</Transform>

<Transform dim="0"
 xcoef=" 0 1 0 0 0 0"
 ycoef=" 0 0 1 0 0 0">
<Contour name="org1" hidden="false" closed="true" simplified="true" border="0 0.501961 0.25098" fill="0 0.501961 0.25098" mode="13"
 points="0.366213 0.68451,
	0.369635 0.675383,
	0.369635 0.673101,
	0.382185 0.655989,
	0.38903 0.649143,
	0.391311 0.646862,
	0.400438 0.645721,
	0.408424 0.640017,
	0.412988 0.638876,
	0.420973 0.633172,
	0.439227 0.627467,
	0.448354 0.624045,
	0.466607 0.620622,
	0.503115 0.619481,
	0.512241 0.619481,
	0.530495 0.626326,
	0.547608 0.638876,
	0.554453 0.645721,
	0.565861 0.662834,
	0.568143 0.665115,
	0.568143 0.674242,
	0.570425 0.678806,
	0.570425 0.715313,
	0.564721 0.75182,
	0.564721 0.754102,
	0.562439 0.756383,
	0.561298 0.760947,
	0.559016 0.763228,
	0.559016 0.76551,
	0.55103 0.774637,
	0.546467 0.778059,
	0.540763 0.784905,
	0.532777 0.79175,
	0.528213 0.794031,
	0.525932 0.796313,
	0.507678 0.802017,
	0.471171 0.808862,
	0.462044 0.808862,
	0.457481 0.807722,
	0.455199 0.80544,
	0.452917 0.80544,
	0.450636 0.803158,
	0.446072 0.802017,
	0.44379 0.799736,
	0.434664 0.797454,
	0.4301 0.795172,
	0.425537 0.795172,
	0.41641 0.790609,
	0.412988 0.786045,
	0.410706 0.786045,
	0.395875 0.771214,
	0.38903 0.762088,
	0.384466 0.752961,
	0.382185 0.750679,
	0.382185 0.748397,
	0.378762 0.743834,
	0.371917 0.72558,
	0.368494 0.716454,
	0.366213 0.6982,
	0.366213 0.689073,
	0.366213 0.685651,
	"/>
</Transform>

</Section>