<?xml version="1.0"?>
<!DOCTYPE Section SYSTEM "section.dtd">

<Section index="12" thickness="0.05" alignLocked="false">
<Transform dim="0"
 xcoef=" 0 1 0 0 0 0"
 ycoef=" 0 0 1 0 0 0">
<Image mag="0.00254" contrast="1" brightness="0" red="true" green="true" blue="true"
 src="../organelle_images/cell_slice_080.jpg" />
<Contour name="domain1" hidden="false" closed="true" simplified="false" border="1 0 1" fill="1 0 1" mode="11"
 points="0 0,
	479 0,
	479 479,
	0 479,
	"/>
</Transform>

<Transform dim="0"
 xcoef=" 0 1 0 0 0 0"
 ycoef=" 0 0 1 0 0 0">
<Contour name="Cell" hidden="false" closed="true" simplified="true" border="1 0.5 0" fill="1 0.5 0" mode="13"
 points="0.19304 0.65532,
	0.19812 0.61468,
	0.19812 0.57404,
	0.20828 0.5334,
	0.20828 0.52324,
	0.2159 0.50292,
	0.22352 0.49276,
	0.22352 0.4826,
	0.24892 0.4445,
	0.25654 0.42418,
	0.25908 0.41402,
	0.2667 0.40386,
	0.27178 0.40132,
	0.27686 0.381,
	0.28956 0.36068,
	0.29718 0.35306,
	0.29718 0.3429,
	0.3048 0.32258,
	0.32004 0.30226,
	0.34036 0.28448,
	0.37846 0.25908,
	0.4191 0.25146,
	0.42418 0.24638,
	0.4445 0.2413,
	0.45466 0.23876,
	0.45974 0.23368,
	0.48006 0.22606,
	0.56134 0.22606,
	0.60198 0.23114,
	0.61214 0.23114,
	0.61722 0.23622,
	0.62738 0.23622,
	0.6477 0.24638,
	0.66802 0.24892,
	0.6731 0.24892,
	0.67818 0.254,
	0.71882 0.25908,
	0.75946 0.27178,
	0.8001 0.29464,
	0.84074 0.30988,
	0.87884 0.3429,
	0.89662 0.36322,
	0.90424 0.37084,
	0.90424 0.37592,
	0.91694 0.3937,
	0.91694 0.39878,
	0.92202 0.40132,
	0.92456 0.41148,
	0.93726 0.4318,
	0.94488 0.45212,
	0.94488 0.4572,
	0.94996 0.46228,
	0.95758 0.50292,
	0.96012 0.5842,
	0.9525 0.66548,
	0.94488 0.70612,
	0.94234 0.71628,
	0.94234 0.72136,
	0.9271 0.74168,
	0.92202 0.75184,
	0.91186 0.762,
	0.89916 0.78232,
	0.89154 0.79248,
	0.88646 0.79756,
	0.88646 0.80264,
	0.87884 0.8128,
	0.8763 0.82296,
	0.86868 0.83312,
	0.86868 0.8382,
	0.83312 0.87376,
	0.8255 0.88392,
	0.8255 0.889,
	0.80518 0.9017,
	0.79502 0.90932,
	0.7747 0.91694,
	0.75438 0.91948,
	0.74422 0.92456,
	0.7239 0.92456,
	0.68326 0.93726,
	0.67818 0.93726,
	0.6731 0.94234,
	0.63246 0.9525,
	0.61214 0.96012,
	0.60198 0.9652,
	0.56134 0.96266,
	0.5207 0.9525,
	0.50038 0.94488,
	0.49022 0.94488,
	0.48514 0.94488,
	0.48006 0.9398,
	0.45974 0.93472,
	0.45466 0.92964,
	0.43434 0.92456,
	0.41402 0.90932,
	0.40386 0.90678,
	0.3937 0.89916,
	0.38862 0.89916,
	0.38354 0.89408,
	0.37338 0.89154,
	0.3683 0.88646,
	0.36322 0.88646,
	0.35814 0.88138,
	0.34798 0.87884,
	0.33782 0.87122,
	0.33274 0.87122,
	0.32766 0.86614,
	0.28702 0.8509,
	0.2667 0.8382,
	0.23622 0.80518,
	0.22352 0.78486,
	0.21844 0.77978,
	0.21844 0.7747,
	0.21336 0.76962,
	0.20066 0.72898,
	0.20066 0.7239,
	0.19558 0.71882,
	0.19304 0.67818,
	0.19304 0.65786,
	"/>
</Transform>

<Transform dim="0"
 xcoef=" 0 1 0 0 0 0"
 ycoef=" 0 0 1 0 0 0">
<Contour name="org1" hidden="false" closed="true" simplified="true" border="0 0.501961 0.25098" fill="0 0.501961 0.25098" mode="13"
 points="0.378762 0.709608,
	0.386748 0.693637,
	0.399297 0.675383,
	0.405002 0.667397,
	0.407283 0.665115,
	0.408424 0.660552,
	0.423255 0.645721,
	0.427819 0.641157,
	0.435805 0.635453,
	0.472312 0.632031,
	0.508819 0.635453,
	0.513382 0.636594,
	0.517946 0.640017,
	0.522509 0.641157,
	0.52365 0.643439,
	0.528213 0.64458,
	0.544185 0.65827,
	0.556735 0.674242,
	0.56358 0.710749,
	0.564721 0.747256,
	0.564721 0.75182,
	0.561298 0.760947,
	0.544185 0.775778,
	0.535058 0.778059,
	0.532777 0.780341,
	0.528213 0.781482,
	0.50996 0.79175,
	0.505396 0.795172,
	0.49627 0.797454,
	0.478016 0.797454,
	0.459762 0.794031,
	0.450636 0.790609,
	0.448354 0.788327,
	0.44379 0.788327,
	0.441509 0.786045,
	0.432382 0.786045,
	0.423255 0.782623,
	0.405002 0.768933,
	0.395875 0.763228,
	0.390171 0.754102,
	0.387889 0.749538,
	0.385607 0.748397,
	0.385607 0.746116,
	0.382185 0.741552,
	0.378762 0.732425,
	0.378762 0.714172,
	0.378762 0.710749,
	"/>
</Transform>

</Section>