<?xml version="1.0"?>
<!DOCTYPE Section SYSTEM "section.dtd">

<Section index="14" thickness="0.05" alignLocked="false">
<Transform dim="0"
 xcoef=" 0 1 0 0 0 0"
 ycoef=" 0 0 1 0 0 0">
<Image mag="0.00254" contrast="1" brightness="0" red="true" green="true" blue="true"
 src="../organelle_images/cell_slice_092.jpg" />
<Contour name="domain1" hidden="false" closed="true" simplified="false" border="1 0 1" fill="1 0 1" mode="11"
 points="0 0,
	479 0,
	479 479,
	0 479,
	"/>
</Transform>

<Transform dim="0"
 xcoef=" 0 1 0 0 0 0"
 ycoef=" 0 0 1 0 0 0">
<Contour name="Cell" hidden="false" closed="true" simplified="true" border="1 0.5 0" fill="1 0.5 0" mode="13"
 points="0.18034 0.5207,
	0.18542 0.51054,
	0.1905 0.4699,
	0.19558 0.44958,
	0.20828 0.42926,
	0.2159 0.42164,
	0.21844 0.41148,
	0.24892 0.37846,
	0.25908 0.37338,
	0.27432 0.3556,
	0.29464 0.33782,
	0.3048 0.33274,
	0.32258 0.31496,
	0.40132 0.28448,
	0.42164 0.27686,
	0.42672 0.27686,
	0.4318 0.27178,
	0.45212 0.26416,
	0.47244 0.26416,
	0.4826 0.25654,
	0.49276 0.25654,
	0.49784 0.25146,
	0.508 0.25146,
	0.54864 0.23622,
	0.58928 0.23622,
	0.59944 0.23622,
	0.61976 0.2286,
	0.6604 0.2286,
	0.67056 0.2286,
	0.69088 0.23622,
	0.69596 0.2413,
	0.70104 0.2413,
	0.7112 0.24892,
	0.73152 0.24892,
	0.75184 0.25908,
	0.762 0.2667,
	0.76708 0.2667,
	0.7874 0.28194,
	0.80772 0.28956,
	0.81788 0.29464,
	0.82296 0.29464,
	0.83058 0.30226,
	0.83566 0.30226,
	0.84074 0.30734,
	0.84582 0.30734,
	0.86106 0.32512,
	0.86106 0.3302,
	0.8763 0.34544,
	0.8763 0.35052,
	0.88138 0.35306,
	0.88392 0.36322,
	0.90932 0.40386,
	0.91694 0.42418,
	0.92456 0.43434,
	0.92964 0.45466,
	0.9398 0.47498,
	0.94996 0.51562,
	0.94742 0.5969,
	0.94742 0.63754,
	0.94742 0.65786,
	0.94234 0.67818,
	0.93726 0.68834,
	0.92964 0.72898,
	0.92456 0.7493,
	0.91948 0.75946,
	0.91948 0.76962,
	0.90932 0.78994,
	0.9017 0.83058,
	0.88392 0.84836,
	0.84582 0.87376,
	0.84074 0.87376,
	0.82296 0.889,
	0.80264 0.89662,
	0.79248 0.90424,
	0.77216 0.90932,
	0.762 0.9144,
	0.74168 0.91694,
	0.72136 0.92456,
	0.7112 0.92964,
	0.70104 0.92964,
	0.68072 0.93726,
	0.67056 0.93726,
	0.62992 0.95504,
	0.6096 0.9652,
	0.56896 0.96266,
	0.52832 0.9525,
	0.508 0.94488,
	0.50292 0.94488,
	0.49784 0.9398,
	0.48768 0.9398,
	0.44704 0.92202,
	0.43688 0.92202,
	0.42672 0.9144,
	0.4064 0.91186,
	0.36576 0.89408,
	0.3556 0.889,
	0.35052 0.889,
	0.34544 0.88392,
	0.33528 0.88138,
	0.33274 0.8763,
	0.32258 0.87376,
	0.32004 0.86868,
	0.31496 0.86868,
	0.29718 0.85598,
	0.25908 0.82296,
	0.254 0.8128,
	0.24892 0.80772,
	0.24892 0.80264,
	0.24384 0.79756,
	0.21844 0.71628,
	0.20574 0.69596,
	0.18288 0.61468,
	0.18034 0.5334,
	0.18034 0.52324,
	"/>
</Transform>

<Transform dim="0"
 xcoef=" 0 1 0 0 0 0"
 ycoef=" 0 0 1 0 0 0">
<Contour name="org2" hidden="false" closed="true" simplified="true" border="0.501961 0 0" fill="0.501961 0 0" mode="13"
 points="0.571566 0.529354,
	0.572706 0.511101,
	0.572706 0.501974,
	0.574988 0.492847,
	0.576129 0.474593,
	0.582974 0.45634,
	0.586397 0.452917,
	0.586397 0.450636,
	0.59096 0.446072,
	0.59096 0.44379,
	0.608073 0.431241,
	0.6172 0.426678,
	0.635453 0.422114,
	0.67196 0.420973,
	0.674242 0.423255,
	0.692496 0.426678,
	0.701622 0.4301,
	0.706186 0.431241,
	0.735848 0.462044,
	0.739271 0.466607,
	0.743834 0.484861,
	0.744975 0.503115,
	0.741552 0.539622,
	0.735848 0.557875,
	0.730144 0.567002,
	0.721017 0.573847,
	0.718735 0.573847,
	0.702763 0.586397,
	0.693637 0.592101,
	0.689073 0.595523,
	0.679946 0.597805,
	0.643439 0.597805,
	0.625186 0.589819,
	0.616059 0.585256,
	0.611495 0.584115,
	0.609214 0.584115,
	0.606932 0.581833,
	0.60465 0.581833,
	0.600087 0.57727,
	0.595523 0.574988,
	0.580692 0.556735,
	0.576129 0.552171,
	0.573847 0.543044,
	0.571566 0.541904,
	0.571566 0.532777,
	0.571566 0.530495,
	"/>
</Transform>

</Section>