<?xml version="1.0"?>
<!DOCTYPE Section SYSTEM "section.dtd">

<Section index="13" thickness="0.05" alignLocked="false">
<Transform dim="0"
 xcoef=" 0 1 0 0 0 0"
 ycoef=" 0 0 1 0 0 0">
<Image mag="0.00254" contrast="1" brightness="0" red="true" green="true" blue="true"
 src="../organelle_images/cell_slice_086.jpg" />
<Contour name="domain1" hidden="false" closed="true" simplified="false" border="1 0 1" fill="1 0 1" mode="11"
 points="0 0,
	479 0,
	479 479,
	0 479,
	"/>
</Transform>

<Transform dim="0"
 xcoef=" 0 1 0 0 0 0"
 ycoef=" 0 0 1 0 0 0">
<Contour name="Cell" hidden="false" closed="true" simplified="true" border="1 0.5 0" fill="1 0.5 0" mode="13"
 points="0.18542 0.5207,
	0.19558 0.48006,
	0.20066 0.45974,
	0.20828 0.44958,
	0.21336 0.42926,
	0.23622 0.38862,
	0.254 0.37084,
	0.25654 0.36576,
	0.26162 0.36576,
	0.27432 0.35052,
	0.28448 0.3429,
	0.28702 0.33782,
	0.2921 0.33782,
	0.29464 0.33274,
	0.3048 0.3302,
	0.38862 0.27686,
	0.40894 0.2667,
	0.4191 0.2667,
	0.42418 0.2667,
	0.42672 0.26162,
	0.43688 0.25908,
	0.44704 0.25146,
	0.46736 0.24638,
	0.48768 0.23622,
	0.52832 0.23114,
	0.5334 0.23114,
	0.54102 0.22098,
	0.56134 0.21336,
	0.64262 0.21336,
	0.66294 0.2159,
	0.66802 0.2159,
	0.6731 0.22098,
	0.69342 0.2286,
	0.70358 0.23368,
	0.70866 0.23876,
	0.71374 0.23876,
	0.71882 0.24384,
	0.72898 0.24638,
	0.75184 0.26162,
	0.79248 0.27432,
	0.8128 0.27432,
	0.81788 0.27432,
	0.8382 0.28956,
	0.84836 0.29464,
	0.85344 0.3048,
	0.8636 0.30988,
	0.87376 0.32004,
	0.88392 0.32512,
	0.889 0.3302,
	0.89154 0.34036,
	0.89154 0.34544,
	0.90932 0.36576,
	0.91694 0.38608,
	0.91948 0.39624,
	0.94488 0.43688,
	0.94488 0.44196,
	0.9525 0.45212,
	0.9525 0.4572,
	0.95758 0.45974,
	0.95758 0.4699,
	0.9652 0.49022,
	0.95504 0.65278,
	0.9525 0.73406,
	0.9525 0.75438,
	0.94742 0.7747,
	0.9398 0.78486,
	0.93218 0.80518,
	0.93218 0.81026,
	0.92456 0.82042,
	0.90424 0.83312,
	0.89408 0.84328,
	0.81534 0.89916,
	0.79502 0.90932,
	0.78994 0.90932,
	0.78486 0.9144,
	0.7747 0.9144,
	0.76962 0.91948,
	0.72898 0.9271,
	0.68834 0.9398,
	0.67818 0.94488,
	0.66802 0.94488,
	0.6477 0.9525,
	0.63754 0.95504,
	0.63246 0.95504,
	0.62738 0.96012,
	0.60706 0.96266,
	0.5969 0.96774,
	0.51562 0.9652,
	0.4953 0.9652,
	0.45466 0.94488,
	0.43434 0.93218,
	0.41402 0.92456,
	0.3937 0.91186,
	0.38354 0.90932,
	0.36322 0.89408,
	0.35306 0.889,
	0.34798 0.889,
	0.34544 0.88392,
	0.34036 0.88392,
	0.29972 0.85344,
	0.26162 0.81788,
	0.24638 0.80264,
	0.23368 0.78232,
	0.22606 0.762,
	0.22098 0.75184,
	0.22098 0.74676,
	0.2159 0.74168,
	0.2159 0.73152,
	0.2032 0.69088,
	0.19558 0.67056,
	0.19304 0.62992,
	0.18542 0.58928,
	0.18542 0.54864,
	0.18542 0.52832,
	0.18542 0.52324,
	"/>
</Transform>

<Transform dim="0"
 xcoef=" 0 1 0 0 0 0"
 ycoef=" 0 0 1 0 0 0">
<Contour name="org1" hidden="false" closed="true" simplified="true" border="0 0.501961 0.25098" fill="0 0.501961 0.25098" mode="13"
 points="0.409565 0.706186,
	0.411847 0.697059,
	0.414128 0.694777,
	0.41641 0.685651,
	0.447213 0.659411,
	0.455199 0.653707,
	0.491706 0.657129,
	0.49627 0.660552,
	0.505396 0.662834,
	0.514523 0.667397,
	0.516805 0.667397,
	0.530495 0.683369,
	0.531636 0.687932,
	0.533918 0.689073,
	0.538481 0.707327,
	0.53734 0.72558,
	0.533918 0.743834,
	0.528213 0.752961,
	0.520227 0.759806,
	0.517946 0.759806,
	0.516805 0.762088,
	0.512241 0.763228,
	0.505396 0.771214,
	0.49741 0.776919,
	0.479157 0.778059,
	0.47003 0.774637,
	0.467748 0.774637,
	0.465467 0.772355,
	0.45634 0.772355,
	0.447213 0.770073,
	0.44265 0.767792,
	0.434664 0.758665,
	0.426678 0.752961,
	0.425537 0.748397,
	0.412988 0.732425,
	0.409565 0.714172,
	0.409565 0.709608,
	0.409565 0.707327,
	"/>
</Transform>

<Transform dim="0"
 xcoef=" 0 1 0 0 0 0"
 ycoef=" 0 0 1 0 0 0">
<Contour name="org2" hidden="false" closed="true" simplified="true" border="0.501961 0 0" fill="0.501961 0 0" mode="13"
 points="0.624045 0.524791,
	0.63089 0.506537,
	0.634312 0.49741,
	0.634312 0.492847,
	0.636594 0.491706,
	0.637735 0.487143,
	0.646862 0.479157,
	0.649143 0.479157,
	0.650284 0.476875,
	0.668538 0.476875,
	0.673101 0.476875,
	0.675383 0.476875,
	0.690214 0.493988,
	0.692496 0.503115,
	0.692496 0.512241,
	0.692496 0.516805,
	0.685651 0.535058,
	0.678806 0.543044,
	0.669679 0.545326,
	0.651425 0.544185,
	0.642298 0.538481,
	0.635453 0.532777,
	0.626326 0.527073,
	0.624045 0.525932,
	"/>
</Transform>

</Section>