<?xml version="1.0"?>
<!DOCTYPE Section SYSTEM "section.dtd">

<Section index="17" thickness="0.05" alignLocked="false">
<Transform dim="0"
 xcoef=" 0 1 0 0 0 0"
 ycoef=" 0 0 1 0 0 0">
<Image mag="0.00254" contrast="1" brightness="0" red="true" green="true" blue="true"
 src="../organelle_images/cell_slice_110.jpg" />
<Contour name="domain1" hidden="false" closed="true" simplified="false" border="1 0 1" fill="1 0 1" mode="11"
 points="0 0,
	479 0,
	479 479,
	0 479,
	"/>
</Transform>

<Transform dim="0"
 xcoef=" 0 1 0 0 0 0"
 ycoef=" 0 0 1 0 0 0">
<Contour name="Cell" hidden="false" closed="true" simplified="true" border="1 0.5 0" fill="1 0.5 0" mode="13"
 points="0.22098 0.52832,
	0.22606 0.48768,
	0.23114 0.47752,
	0.23114 0.4572,
	0.23876 0.43688,
	0.23876 0.42672,
	0.25654 0.38608,
	0.26416 0.37592,
	0.26416 0.37084,
	0.26924 0.3683,
	0.26924 0.36322,
	0.27432 0.35814,
	0.27432 0.35306,
	0.2794 0.34798,
	0.28702 0.32766,
	0.29464 0.32258,
	0.33274 0.28448,
	0.37084 0.26162,
	0.37592 0.25654,
	0.381 0.25654,
	0.39878 0.2413,
	0.4191 0.23368,
	0.45974 0.2286,
	0.48006 0.22098,
	0.56134 0.21844,
	0.60198 0.21844,
	0.6223 0.22098,
	0.63246 0.22098,
	0.63754 0.22098,
	0.64262 0.22606,
	0.68326 0.23876,
	0.70358 0.24892,
	0.7239 0.25146,
	0.73406 0.25908,
	0.74422 0.26162,
	0.75438 0.26924,
	0.7747 0.27686,
	0.79502 0.28956,
	0.81534 0.29464,
	0.85598 0.31242,
	0.8763 0.32258,
	0.88138 0.32512,
	0.88138 0.3302,
	0.89408 0.34798,
	0.9017 0.35814,
	0.90424 0.3683,
	0.90932 0.37338,
	0.92202 0.41402,
	0.9271 0.45466,
	0.94234 0.4953,
	0.9525 0.57658,
	0.9525 0.61722,
	0.92964 0.6985,
	0.91948 0.71882,
	0.91948 0.7239,
	0.9144 0.72898,
	0.9144 0.73406,
	0.90678 0.74422,
	0.90678 0.7493,
	0.89916 0.75946,
	0.89154 0.77978,
	0.88392 0.78994,
	0.88138 0.8001,
	0.87376 0.81026,
	0.86868 0.81534,
	0.86868 0.82042,
	0.83566 0.85852,
	0.81534 0.87376,
	0.81026 0.87884,
	0.76962 0.89154,
	0.7493 0.9017,
	0.66802 0.9271,
	0.62738 0.94234,
	0.60706 0.94742,
	0.56642 0.94488,
	0.48514 0.9271,
	0.40386 0.89662,
	0.38354 0.88392,
	0.36322 0.8763,
	0.35306 0.87376,
	0.3175 0.84582,
	0.31242 0.84582,
	0.29972 0.83058,
	0.27432 0.79248,
	0.254 0.75184,
	0.24384 0.73152,
	0.23368 0.69088,
	0.22352 0.6096,
	0.22098 0.53086,
	"/>
</Transform>

<Transform dim="0"
 xcoef=" 0 1 0 0 0 0"
 ycoef=" 0 0 1 0 0 0">
<Contour name="org2" hidden="false" closed="true" simplified="true" border="0.501961 0 0" fill="0.501961 0 0" mode="13"
 points="0.520227 0.525932,
	0.52365 0.507678,
	0.529354 0.489424,
	0.530495 0.484861,
	0.535058 0.480298,
	0.538481 0.471171,
	0.539622 0.466607,
	0.543044 0.463185,
	0.546467 0.454058,
	0.557875 0.438086,
	0.567002 0.432382,
	0.574988 0.424396,
	0.582974 0.418692,
	0.587538 0.415269,
	0.589819 0.415269,
	0.594383 0.411847,
	0.598946 0.410706,
	0.6172 0.398157,
	0.619481 0.398157,
	0.620622 0.395875,
	0.638876 0.391311,
	0.648003 0.390171,
	0.666256 0.391311,
	0.675383 0.392452,
	0.679946 0.392452,
	0.68451 0.394734,
	0.702763 0.398157,
	0.71189 0.403861,
	0.718735 0.408424,
	0.735848 0.419833,
	0.740411 0.422114,
	0.742693 0.424396,
	0.744975 0.424396,
	0.747256 0.427819,
	0.75182 0.431241,
	0.754102 0.431241,
	0.758665 0.434664,
	0.759806 0.436945,
	0.762088 0.436945,
	0.767792 0.44265,
	0.767792 0.444931,
	0.770073 0.447213,
	0.772355 0.45634,
	0.771214 0.492847,
	0.770073 0.511101,
	0.770073 0.520227,
	0.766651 0.529354,
	0.763228 0.547608,
	0.748397 0.584115,
	0.742693 0.592101,
	0.734707 0.600087,
	0.726721 0.605791,
	0.724439 0.605791,
	0.719876 0.610355,
	0.717594 0.610355,
	0.708468 0.616059,
	0.706186 0.61834,
	0.687932 0.626326,
	0.678806 0.629749,
	0.642298 0.629749,
	0.624045 0.629749,
	0.614918 0.627467,
	0.610355 0.626326,
	0.593242 0.613777,
	0.584115 0.608073,
	0.582974 0.605791,
	0.580692 0.605791,
	0.562439 0.592101,
	0.560157 0.588678,
	0.560157 0.586397,
	0.541904 0.572706,
	0.532777 0.565861,
	0.527073 0.556735,
	0.525932 0.552171,
	0.52365 0.54989,
	0.520227 0.531636,
	0.520227 0.527073,
	"/>
</Transform>

</Section>