<?xml version="1.0"?>
<!DOCTYPE Section SYSTEM "section.dtd">

<Section index="18" thickness="0.05" alignLocked="false">
<Transform dim="0"
 xcoef=" 0 1 0 0 0 0"
 ycoef=" 0 0 1 0 0 0">
<Image mag="0.00254" contrast="1" brightness="0" red="true" green="true" blue="true"
 src="../organelle_images/cell_slice_116.jpg" />
<Contour name="domain1" hidden="false" closed="true" simplified="false" border="1 0 1" fill="1 0 1" mode="11"
 points="0 0,
	479 0,
	479 479,
	0 479,
	"/>
</Transform>

<Transform dim="0"
 xcoef=" 0 1 0 0 0 0"
 ycoef=" 0 0 1 0 0 0">
<Contour name="Cell" hidden="false" closed="true" simplified="true" border="1 0.5 0" fill="1 0.5 0" mode="13"
 points="0.22606 0.61722,
	0.23114 0.57658,
	0.23368 0.55626,
	0.26162 0.47498,
	0.2667 0.45466,
	0.26924 0.4445,
	0.27432 0.43942,
	0.27432 0.43434,
	0.2794 0.42926,
	0.2921 0.38862,
	0.29718 0.37846,
	0.30226 0.37592,
	0.30988 0.3556,
	0.3429 0.32258,
	0.35052 0.31242,
	0.39116 0.29464,
	0.41148 0.28448,
	0.42164 0.28194,
	0.42672 0.27686,
	0.43688 0.27432,
	0.44704 0.2667,
	0.45212 0.2667,
	0.4572 0.26162,
	0.49784 0.24384,
	0.51816 0.2413,
	0.53848 0.23368,
	0.61976 0.23114,
	0.62992 0.23114,
	0.67056 0.25146,
	0.67564 0.25146,
	0.69596 0.2667,
	0.7747 0.3048,
	0.81534 0.32766,
	0.85344 0.3683,
	0.87122 0.38608,
	0.8763 0.39624,
	0.88138 0.40132,
	0.889 0.44196,
	0.89154 0.46228,
	0.90678 0.50292,
	0.91186 0.54356,
	0.91186 0.56388,
	0.91948 0.5842,
	0.91948 0.62484,
	0.9144 0.66548,
	0.90424 0.70612,
	0.9017 0.72644,
	0.89408 0.74676,
	0.89408 0.75692,
	0.87884 0.79756,
	0.86614 0.81788,
	0.8636 0.82804,
	0.84836 0.84836,
	0.8382 0.85598,
	0.83312 0.85598,
	0.82804 0.86106,
	0.81788 0.8636,
	0.8128 0.86868,
	0.77216 0.87884,
	0.73152 0.89408,
	0.69088 0.90424,
	0.67056 0.9144,
	0.6604 0.9144,
	0.65024 0.92202,
	0.64008 0.92456,
	0.635 0.92456,
	0.62484 0.93218,
	0.5842 0.93472,
	0.50292 0.91694,
	0.46228 0.9017,
	0.45212 0.89662,
	0.44704 0.89662,
	0.44196 0.89154,
	0.4318 0.889,
	0.42672 0.889,
	0.42164 0.88392,
	0.381 0.86614,
	0.34036 0.84328,
	0.32004 0.83058,
	0.28702 0.78994,
	0.25908 0.75692,
	0.24892 0.7366,
	0.24384 0.73152,
	0.2286 0.69088,
	0.22606 0.65024,
	0.22606 0.62992,
	0.22606 0.61976,
	"/>
</Transform>

<Transform dim="0"
 xcoef=" 0 1 0 0 0 0"
 ycoef=" 0 0 1 0 0 0">
<Contour name="org2" hidden="false" closed="true" simplified="true" border="0.501961 0 0" fill="0.501961 0 0" mode="13"
 points="0.528213 0.498551,
	0.531636 0.489424,
	0.532777 0.484861,
	0.535058 0.48372,
	0.535058 0.479157,
	0.541904 0.462044,
	0.544185 0.457481,
	0.544185 0.455199,
	0.548749 0.450636,
	0.548749 0.448354,
	0.560157 0.431241,
	0.567002 0.425537,
	0.571566 0.424396,
	0.576129 0.419833,
	0.584115 0.415269,
	0.588678 0.411847,
	0.593242 0.410706,
	0.597805 0.406142,
	0.606932 0.40272,
	0.679946 0.401579,
	0.6982 0.403861,
	0.707327 0.406142,
	0.709608 0.408424,
	0.718735 0.411847,
	0.723299 0.41641,
	0.732425 0.420973,
	0.736989 0.425537,
	0.755242 0.436945,
	0.759806 0.44265,
	0.759806 0.444931,
	0.762088 0.447213,
	0.770073 0.48372,
	0.770073 0.520227,
	0.770073 0.538481,
	0.767792 0.556735,
	0.76551 0.565861,
	0.755242 0.584115,
	0.748397 0.593242,
	0.730144 0.60465,
	0.693637 0.619481,
	0.675383 0.622904,
	0.657129 0.622904,
	0.620622 0.61834,
	0.611495 0.616059,
	0.606932 0.616059,
	0.60465 0.613777,
	0.586397 0.605791,
	0.584115 0.605791,
	0.579552 0.602369,
	0.57727 0.602369,
	0.571566 0.594383,
	0.568143 0.589819,
	0.567002 0.585256,
	0.557875 0.57727,
	0.554453 0.574988,
	0.54989 0.570425,
	0.538481 0.553312,
	0.535058 0.548749,
	0.528213 0.531636,
	0.528213 0.513382,
	0.528213 0.504256,
	0.528213 0.499692,
	"/>
</Transform>

</Section>