<?xml version="1.0"?>
<!DOCTYPE Section SYSTEM "section.dtd">

<Section index="19" thickness="0.05" alignLocked="false">
<Transform dim="0"
 xcoef=" 0 1 0 0 0 0"
 ycoef=" 0 0 1 0 0 0">
<Image mag="0.00254" contrast="1" brightness="0" red="true" green="true" blue="true"
 src="../organelle_images/cell_slice_122.jpg" />
<Contour name="domain1" hidden="false" closed="true" simplified="false" border="1 0 1" fill="1 0 1" mode="11"
 points="0 0,
	479 0,
	479 479,
	0 479,
	"/>
</Transform>

<Transform dim="0"
 xcoef=" 0 1 0 0 0 0"
 ycoef=" 0 0 1 0 0 0">
<Contour name="Cell" hidden="false" closed="true" simplified="true" border="1 0.5 0" fill="1 0.5 0" mode="13"
 points="0.25146 0.54102,
	0.25654 0.53086,
	0.25654 0.51054,
	0.28448 0.42926,
	0.28956 0.42418,
	0.3048 0.38608,
	0.33274 0.34798,
	0.35052 0.33528,
	0.3683 0.3175,
	0.38862 0.30988,
	0.3937 0.30988,
	0.42926 0.28194,
	0.4699 0.2794,
	0.49022 0.27178,
	0.4953 0.2667,
	0.53594 0.2667,
	0.57658 0.2794,
	0.61722 0.28448,
	0.62738 0.28448,
	0.63754 0.28956,
	0.64262 0.28956,
	0.6477 0.29464,
	0.65786 0.29464,
	0.67818 0.30226,
	0.68834 0.30988,
	0.6985 0.31242,
	0.71882 0.32766,
	0.72898 0.33528,
	0.73406 0.33528,
	0.74422 0.3429,
	0.75438 0.34544,
	0.76962 0.36322,
	0.80772 0.39624,
	0.81788 0.39878,
	0.84328 0.43688,
	0.85598 0.45466,
	0.86106 0.46482,
	0.86614 0.4699,
	0.87376 0.49022,
	0.87884 0.50038,
	0.89154 0.58166,
	0.89408 0.6223,
	0.89408 0.63246,
	0.889 0.64008,
	0.88646 0.6604,
	0.85598 0.74168,
	0.84582 0.762,
	0.84074 0.77216,
	0.83058 0.78232,
	0.83058 0.7874,
	0.79502 0.8255,
	0.78486 0.82804,
	0.7747 0.83566,
	0.76962 0.83566,
	0.7493 0.8509,
	0.74422 0.8509,
	0.72644 0.87122,
	0.70612 0.88392,
	0.6858 0.889,
	0.67564 0.89408,
	0.65532 0.89408,
	0.61468 0.90678,
	0.59436 0.91186,
	0.5842 0.91694,
	0.50292 0.87884,
	0.46482 0.86614,
	0.45974 0.86106,
	0.45466 0.86106,
	0.44958 0.85598,
	0.43942 0.85344,
	0.42926 0.84328,
	0.4191 0.84074,
	0.39878 0.8255,
	0.38862 0.82042,
	0.38354 0.81534,
	0.37846 0.81534,
	0.3429 0.79248,
	0.30734 0.76454,
	0.2794 0.72644,
	0.26416 0.6858,
	0.25146 0.60452,
	0.25146 0.56388,
	0.25146 0.54356,
	"/>
</Transform>

<Transform dim="0"
 xcoef=" 0 1 0 0 0 0"
 ycoef=" 0 0 1 0 0 0">
<Contour name="org2" hidden="false" closed="true" simplified="true" border="0.501961 0 0" fill="0.501961 0 0" mode="13"
 points="0.55103 0.484861,
	0.554453 0.466607,
	0.561298 0.449495,
	0.569284 0.441509,
	0.572706 0.438086,
	0.574988 0.438086,
	0.589819 0.426678,
	0.608073 0.418692,
	0.610355 0.418692,
	0.614918 0.415269,
	0.619481 0.415269,
	0.620622 0.412988,
	0.625186 0.412988,
	0.634312 0.409565,
	0.638876 0.408424,
	0.641157 0.406142,
	0.659411 0.405002,
	0.668538 0.405002,
	0.686791 0.409565,
	0.705045 0.41641,
	0.714172 0.420973,
	0.723299 0.422114,
	0.732425 0.427819,
	0.736989 0.4301,
	0.736989 0.432382,
	0.746116 0.441509,
	0.754102 0.459762,
	0.756383 0.464326,
	0.756383 0.468889,
	0.758665 0.471171,
	0.758665 0.475734,
	0.760947 0.476875,
	0.762088 0.513382,
	0.760947 0.522509,
	0.758665 0.527073,
	0.758665 0.531636,
	0.756383 0.536199,
	0.756383 0.540763,
	0.754102 0.545326,
	0.754102 0.54989,
	0.750679 0.559016,
	0.749538 0.56358,
	0.741552 0.572706,
	0.734707 0.579552,
	0.72558 0.587538,
	0.721017 0.592101,
	0.716454 0.594383,
	0.715313 0.596664,
	0.713031 0.596664,
	0.703904 0.60465,
	0.685651 0.614918,
	0.681087 0.6172,
	0.662834 0.6172,
	0.64458 0.613777,
	0.627467 0.608073,
	0.61834 0.603509,
	0.613777 0.603509,
	0.609214 0.600087,
	0.59096 0.594383,
	0.581833 0.588678,
	0.573847 0.579552,
	0.570425 0.561298,
	0.564721 0.543044,
	0.561298 0.533918,
	0.560157 0.524791,
	0.559016 0.520227,
	0.556735 0.517946,
	0.555594 0.508819,
	0.553312 0.506537,
	0.55103 0.49741,
	0.55103 0.488284,
	0.55103 0.486002,
	"/>
</Transform>

</Section>