<?xml version="1.0"?>
<!DOCTYPE Section SYSTEM "section.dtd">

<Section index="20" thickness="0.05" alignLocked="false">
<Transform dim="0"
 xcoef=" 0 1 0 0 0 0"
 ycoef=" 0 0 1 0 0 0">
<Image mag="0.00254" contrast="1" brightness="0" red="true" green="true" blue="true"
 src="../organelle_images/cell_slice_128.jpg" />
<Contour name="domain1" hidden="false" closed="true" simplified="false" border="1 0 1" fill="1 0 1" mode="11"
 points="0 0,
	479 0,
	479 479,
	0 479,
	"/>
</Transform>

<Transform dim="0"
 xcoef=" 0 1 0 0 0 0"
 ycoef=" 0 0 1 0 0 0">
<Contour name="Cell" hidden="false" closed="true" simplified="true" border="1 0.5 0" fill="1 0.5 0" mode="13"
 points="0.26924 0.50292,
	0.27432 0.46228,
	0.2921 0.42164,
	0.29972 0.40132,
	0.30226 0.39116,
	0.3175 0.37338,
	0.32766 0.3556,
	0.36068 0.33274,
	0.37846 0.32004,
	0.4191 0.30734,
	0.58166 0.29464,
	0.60198 0.29464,
	0.6223 0.29972,
	0.66294 0.29972,
	0.70358 0.30734,
	0.71374 0.30988,
	0.73406 0.32258,
	0.75438 0.3302,
	0.7747 0.3429,
	0.78486 0.35052,
	0.78994 0.35052,
	0.81026 0.36576,
	0.83058 0.38608,
	0.85852 0.42672,
	0.87376 0.44704,
	0.88392 0.46736,
	0.88646 0.48768,
	0.88646 0.49784,
	0.88138 0.508,
	0.87884 0.54864,
	0.8509 0.62992,
	0.84836 0.64008,
	0.84328 0.64516,
	0.83058 0.6858,
	0.83058 0.69088,
	0.8255 0.69596,
	0.81026 0.7366,
	0.80518 0.75692,
	0.78486 0.79756,
	0.76962 0.81534,
	0.75946 0.82296,
	0.73914 0.83058,
	0.72898 0.83312,
	0.71882 0.84074,
	0.67818 0.85598,
	0.66802 0.86106,
	0.65786 0.86106,
	0.61722 0.87376,
	0.60706 0.87884,
	0.60198 0.87884,
	0.5969 0.88392,
	0.57658 0.889,
	0.5715 0.89154,
	0.53086 0.8763,
	0.51054 0.86868,
	0.50038 0.86614,
	0.4953 0.86106,
	0.49022 0.86106,
	0.48514 0.85598,
	0.46482 0.84836,
	0.45466 0.84074,
	0.4445 0.8382,
	0.43434 0.83058,
	0.41402 0.82296,
	0.37846 0.79502,
	0.36068 0.78232,
	0.35306 0.77724,
	0.3429 0.76708,
	0.3302 0.75184,
	0.32004 0.73152,
	0.31242 0.72136,
	0.31242 0.71628,
	0.3048 0.70612,
	0.3048 0.70104,
	0.29718 0.69088,
	0.28448 0.65024,
	0.2794 0.64008,
	0.2794 0.62992,
	0.27432 0.61976,
	0.26924 0.53848,
	0.26924 0.51816,
	0.26924 0.508,
	0.26924 0.50546,
	"/>
</Transform>

<Transform dim="0"
 xcoef=" 0 1 0 0 0 0"
 ycoef=" 0 0 1 0 0 0">
<Contour name="org2" hidden="false" closed="true" simplified="true" border="0.501961 0 0" fill="0.501961 0 0" mode="13"
 points="0.582974 0.50996,
	0.585256 0.508819,
	0.59096 0.490565,
	0.592101 0.487143,
	0.596664 0.48372,
	0.596664 0.481439,
	0.602369 0.472312,
	0.603509 0.467748,
	0.605791 0.466607,
	0.605791 0.464326,
	0.610355 0.459762,
	0.616059 0.451776,
	0.625186 0.446072,
	0.629749 0.444931,
	0.634312 0.441509,
	0.638876 0.440368,
	0.641157 0.438086,
	0.650284 0.435805,
	0.686791 0.436945,
	0.703904 0.44379,
	0.713031 0.451776,
	0.718735 0.460903,
	0.718735 0.463185,
	0.721017 0.465467,
	0.731285 0.501974,
	0.731285 0.511101,
	0.726721 0.529354,
	0.723299 0.538481,
	0.719876 0.543044,
	0.719876 0.545326,
	0.714172 0.553312,
	0.71189 0.557875,
	0.707327 0.562439,
	0.703904 0.564721,
	0.703904 0.567002,
	0.697059 0.574988,
	0.689073 0.579552,
	0.679946 0.587538,
	0.67196 0.593242,
	0.662834 0.593242,
	0.65827 0.593242,
	0.655989 0.59096,
	0.646862 0.588678,
	0.642298 0.588678,
	0.638876 0.585256,
	0.629749 0.582974,
	0.612636 0.572706,
	0.596664 0.560157,
	0.59096 0.552171,
	0.585256 0.533918,
	0.582974 0.524791,
	0.582974 0.515664,
	0.582974 0.511101,
	"/>
</Transform>

</Section>