<?xml version="1.0"?>
<!DOCTYPE Section SYSTEM "section.dtd">

<Section index="15" thickness="0.05" alignLocked="false">
<Transform dim="0"
 xcoef=" 0 1 0 0 0 0"
 ycoef=" 0 0 1 0 0 0">
<Image mag="0.00254" contrast="1" brightness="0" red="true" green="true" blue="true"
 src="../organelle_images/cell_slice_098.jpg" />
<Contour name="domain1" hidden="false" closed="true" simplified="false" border="1 0 1" fill="1 0 1" mode="11"
 points="0 0,
	479 0,
	479 479,
	0 479,
	"/>
</Transform>

<Transform dim="0"
 xcoef=" 0 1 0 0 0 0"
 ycoef=" 0 0 1 0 0 0">
<Contour name="Cell" hidden="false" closed="true" simplified="true" border="1 0.5 0" fill="1 0.5 0" mode="13"
 points="0.17272 0.56134,
	0.1778 0.5207,
	0.19558 0.48006,
	0.20066 0.45974,
	0.21082 0.44196,
	0.21336 0.4318,
	0.22606 0.41656,
	0.23114 0.40894,
	0.24892 0.39116,
	0.27432 0.35306,
	0.28702 0.33528,
	0.29718 0.3302,
	0.30226 0.32004,
	0.31242 0.30988,
	0.3175 0.3048,
	0.3175 0.29972,
	0.3302 0.28448,
	0.3683 0.25654,
	0.37846 0.24892,
	0.45974 0.22352,
	0.50038 0.22098,
	0.5207 0.22098,
	0.53086 0.22098,
	0.55118 0.21336,
	0.5715 0.21336,
	0.59182 0.21844,
	0.63246 0.21844,
	0.65278 0.21844,
	0.66294 0.21844,
	0.66802 0.21844,
	0.6731 0.22352,
	0.67818 0.22352,
	0.71882 0.24892,
	0.75946 0.2667,
	0.7874 0.29464,
	0.80772 0.31242,
	0.84582 0.33528,
	0.88646 0.36322,
	0.91948 0.39878,
	0.92456 0.4191,
	0.92964 0.42926,
	0.93218 0.44958,
	0.9398 0.46736,
	0.94234 0.508,
	0.94234 0.52832,
	0.93218 0.56896,
	0.93218 0.58928,
	0.9271 0.6096,
	0.92202 0.61976,
	0.92202 0.62992,
	0.90932 0.65024,
	0.9017 0.67056,
	0.89662 0.67564,
	0.889 0.69596,
	0.88138 0.70612,
	0.87884 0.71628,
	0.86614 0.72898,
	0.86614 0.73406,
	0.86106 0.73914,
	0.84582 0.77978,
	0.84074 0.8001,
	0.81788 0.84074,
	0.80518 0.85852,
	0.7874 0.8763,
	0.76708 0.88392,
	0.74676 0.89662,
	0.70612 0.9144,
	0.70104 0.9144,
	0.69596 0.91948,
	0.6858 0.91948,
	0.68072 0.92456,
	0.59944 0.9525,
	0.5588 0.9652,
	0.47752 0.9525,
	0.4572 0.94488,
	0.44958 0.93726,
	0.43942 0.93472,
	0.43434 0.92964,
	0.42926 0.92964,
	0.34798 0.8763,
	0.31242 0.8509,
	0.2921 0.83566,
	0.25908 0.79502,
	0.23368 0.75692,
	0.22606 0.74676,
	0.22606 0.74168,
	0.22098 0.7366,
	0.21844 0.72644,
	0.21336 0.72136,
	0.19812 0.68072,
	0.1905 0.6604,
	0.18288 0.61976,
	0.1778 0.59944,
	0.1778 0.59436,
	0.17272 0.58928,
	0.17272 0.56896,
	0.17272 0.56388,
	"/>
</Transform>

<Transform dim="0"
 xcoef=" 0 1 0 0 0 0"
 ycoef=" 0 0 1 0 0 0">
<Contour name="org2" hidden="false" closed="true" simplified="true" border="0.501961 0 0" fill="0.501961 0 0" mode="13"
 points="0.54989 0.538481,
	0.555594 0.521368,
	0.557875 0.512241,
	0.559016 0.493988,
	0.564721 0.475734,
	0.567002 0.466607,
	0.570425 0.462044,
	0.571566 0.457481,
	0.584115 0.441509,
	0.592101 0.435805,
	0.593242 0.433523,
	0.595523 0.433523,
	0.601228 0.426678,
	0.61834 0.414128,
	0.620622 0.414128,
	0.621763 0.411847,
	0.624045 0.411847,
	0.632031 0.406142,
	0.668538 0.405002,
	0.677665 0.409565,
	0.682228 0.410706,
	0.68451 0.410706,
	0.686791 0.412988,
	0.691355 0.412988,
	0.693637 0.415269,
	0.71189 0.418692,
	0.714172 0.418692,
	0.716454 0.420973,
	0.718735 0.420973,
	0.727862 0.426678,
	0.73813 0.44379,
	0.741552 0.448354,
	0.741552 0.450636,
	0.747256 0.459762,
	0.749538 0.464326,
	0.749538 0.466607,
	0.75182 0.468889,
	0.754102 0.478016,
	0.754102 0.482579,
	0.759806 0.500833,
	0.762088 0.50996,
	0.760947 0.528213,
	0.759806 0.53734,
	0.756383 0.546467,
	0.750679 0.555594,
	0.750679 0.557875,
	0.744975 0.567002,
	0.742693 0.570425,
	0.742693 0.572706,
	0.735848 0.580692,
	0.732425 0.585256,
	0.730144 0.585256,
	0.727862 0.589819,
	0.710749 0.601228,
	0.701622 0.606932,
	0.683369 0.612636,
	0.678806 0.614918,
	0.669679 0.616059,
	0.633172 0.612636,
	0.614918 0.608073,
	0.605791 0.605791,
	0.587538 0.596664,
	0.578411 0.589819,
	0.573847 0.587538,
	0.571566 0.587538,
	0.557875 0.569284,
	0.54989 0.552171,
	0.54989 0.543044,
	0.54989 0.539622,
	"/>
</Transform>

</Section>