<?xml version="1.0"?>
<!DOCTYPE Section SYSTEM "section.dtd">

<Section index="16" thickness="0.05" alignLocked="false">
<Transform dim="0"
 xcoef=" 0 1 0 0 0 0"
 ycoef=" 0 0 1 0 0 0">
<Image mag="0.00254" contrast="1" brightness="0" red="true" green="true" blue="true"
 src="../organelle_images/cell_slice_104.jpg" />
<Contour name="domain1" hidden="false" closed="true" simplified="false" border="1 0 1" fill="1 0 1" mode="11"
 points="0 0,
	479 0,
	479 479,
	0 479,
	"/>
</Transform>

<Transform dim="0"
 xcoef=" 0 1 0 0 0 0"
 ycoef=" 0 0 1 0 0 0">
<Contour name="Cell" hidden="false" closed="true" simplified="true" border="1 0.5 0" fill="1 0.5 0" mode="13"
 points="0.22098 0.59182,
	0.22606 0.55118,
	0.22606 0.51054,
	0.2286 0.49022,
	0.23114 0.48006,
	0.23622 0.47498,
	0.23622 0.46482,
	0.2413 0.45974,
	0.24638 0.43942,
	0.254 0.42926,
	0.25654 0.4191,
	0.26416 0.40894,
	0.27178 0.39116,
	0.29718 0.35306,
	0.30988 0.33274,
	0.34544 0.29972,
	0.35052 0.29972,
	0.36068 0.2921,
	0.37084 0.28956,
	0.39116 0.27686,
	0.40132 0.27686,
	0.44196 0.26416,
	0.45212 0.26416,
	0.49276 0.24638,
	0.51308 0.23622,
	0.55372 0.22352,
	0.59436 0.22098,
	0.60452 0.22098,
	0.61468 0.22606,
	0.62484 0.22606,
	0.64516 0.23622,
	0.65532 0.2413,
	0.69596 0.24384,
	0.7366 0.25654,
	0.77724 0.2794,
	0.78486 0.28702,
	0.78994 0.28702,
	0.79756 0.29718,
	0.80772 0.29972,
	0.82804 0.31242,
	0.8382 0.32004,
	0.8509 0.33782,
	0.86106 0.34544,
	0.88392 0.38608,
	0.89408 0.40386,
	0.89916 0.40386,
	0.90932 0.4445,
	0.91186 0.46482,
	0.91694 0.47498,
	0.9271 0.63754,
	0.9271 0.67818,
	0.92202 0.71882,
	0.90424 0.75946,
	0.89662 0.76962,
	0.89408 0.77978,
	0.87884 0.8001,
	0.86868 0.82042,
	0.83566 0.85852,
	0.82042 0.87376,
	0.77978 0.89916,
	0.6985 0.92964,
	0.65786 0.94488,
	0.6477 0.94996,
	0.64262 0.94996,
	0.63754 0.95504,
	0.63246 0.95504,
	0.62738 0.96012,
	0.60706 0.96266,
	0.5969 0.96266,
	0.57658 0.95504,
	0.4953 0.94488,
	0.47498 0.94488,
	0.43434 0.93472,
	0.41402 0.92964,
	0.40386 0.9271,
	0.3937 0.91948,
	0.38354 0.91694,
	0.37338 0.90678,
	0.3556 0.89662,
	0.34544 0.889,
	0.33528 0.88646,
	0.32004 0.87122,
	0.30734 0.8509,
	0.29972 0.84074,
	0.29972 0.83566,
	0.28448 0.82042,
	0.2667 0.77978,
	0.26162 0.7747,
	0.26162 0.76962,
	0.25654 0.76454,
	0.24892 0.74422,
	0.24384 0.73914,
	0.24384 0.72898,
	0.2286 0.68834,
	0.22098 0.6477,
	0.22098 0.60706,
	0.22098 0.5969,
	0.22098 0.59436,
	"/>
</Transform>

<Transform dim="0"
 xcoef=" 0 1 0 0 0 0"
 ycoef=" 0 0 1 0 0 0">
<Contour name="org2" hidden="false" closed="true" simplified="true" border="0.501961 0 0" fill="0.501961 0 0" mode="13"
 points="0.533918 0.506537,
	0.538481 0.488284,
	0.539622 0.48372,
	0.543044 0.480298,
	0.55103 0.462044,
	0.554453 0.452917,
	0.561298 0.444931,
	0.564721 0.440368,
	0.567002 0.439227,
	0.568143 0.434664,
	0.582974 0.420973,
	0.587538 0.419833,
	0.592101 0.415269,
	0.594383 0.415269,
	0.611495 0.40272,
	0.616059 0.399297,
	0.620622 0.398157,
	0.622904 0.395875,
	0.625186 0.395875,
	0.627467 0.393593,
	0.645721 0.390171,
	0.682228 0.390171,
	0.700482 0.391311,
	0.718735 0.397016,
	0.727862 0.40272,
	0.730144 0.40272,
	0.731285 0.405002,
	0.735848 0.406142,
	0.742693 0.411847,
	0.746116 0.41641,
	0.748397 0.418692,
	0.748397 0.420973,
	0.75182 0.425537,
	0.75182 0.4301,
	0.758665 0.448354,
	0.763228 0.466607,
	0.766651 0.475734,
	0.766651 0.480298,
	0.770073 0.489424,
	0.768933 0.562439,
	0.767792 0.567002,
	0.767792 0.569284,
	0.762088 0.57727,
	0.746116 0.59096,
	0.73813 0.597805,
	0.722158 0.608073,
	0.713031 0.612636,
	0.708468 0.616059,
	0.690214 0.622904,
	0.685651 0.624045,
	0.683369 0.626326,
	0.665115 0.627467,
	0.628608 0.625186,
	0.610355 0.622904,
	0.609214 0.620622,
	0.60465 0.619481,
	0.602369 0.6172,
	0.585256 0.610355,
	0.581833 0.606932,
	0.57727 0.605791,
	0.572706 0.601228,
	0.568143 0.598946,
	0.565861 0.596664,
	0.564721 0.592101,
	0.552171 0.574988,
	0.546467 0.565861,
	0.543044 0.561298,
	0.53734 0.543044,
	0.53734 0.538481,
	0.535058 0.533918,
	0.533918 0.515664,
	0.533918 0.507678,
	"/>
</Transform>

</Section>