<?xml version="1.0"?>
<!DOCTYPE Section SYSTEM "section.dtd">

<Section index="22" thickness="0.05" alignLocked="false">
<Transform dim="0"
 xcoef=" 0 1 0 0 0 0"
 ycoef=" 0 0 1 0 0 0">
<Image mag="0.00254" contrast="1" brightness="0" red="true" green="true" blue="true"
 src="../organelle_images/cell_slice_140.jpg" />
<Contour name="domain1" hidden="false" closed="true" simplified="false" border="1 0 1" fill="1 0 1" mode="11"
 points="0 0,
	479 0,
	479 479,
	0 479,
	"/>
</Transform>

<Transform dim="0"
 xcoef=" 0 1 0 0 0 0"
 ycoef=" 0 0 1 0 0 0">
<Contour name="Cell" hidden="false" closed="true" simplified="true" border="1 0.5 0" fill="1 0.5 0" mode="13"
 points="0.3048 0.56642,
	0.30734 0.5461,
	0.33528 0.46482,
	0.34544 0.4572,
	0.35306 0.43688,
	0.36322 0.42926,
	0.37592 0.41148,
	0.381 0.41148,
	0.41402 0.37846,
	0.4191 0.37846,
	0.43688 0.36576,
	0.44704 0.36322,
	0.46482 0.35052,
	0.4699 0.35052,
	0.47498 0.34544,
	0.55626 0.35052,
	0.56642 0.35814,
	0.60706 0.3683,
	0.62738 0.37084,
	0.63754 0.37338,
	0.6477 0.381,
	0.65278 0.381,
	0.65786 0.38608,
	0.67818 0.38608,
	0.71882 0.40132,
	0.7366 0.41402,
	0.7493 0.43434,
	0.75946 0.43942,
	0.76454 0.44958,
	0.76962 0.45212,
	0.76962 0.4572,
	0.77724 0.46228,
	0.79502 0.4826,
	0.79502 0.48768,
	0.8128 0.50546,
	0.83566 0.5461,
	0.8382 0.58674,
	0.83312 0.62738,
	0.81788 0.66802,
	0.8128 0.68834,
	0.79248 0.72898,
	0.7874 0.73914,
	0.7493 0.76962,
	0.72898 0.78232,
	0.71882 0.78486,
	0.71374 0.78994,
	0.70358 0.79248,
	0.6985 0.79756,
	0.68834 0.8001,
	0.66802 0.8128,
	0.62738 0.82804,
	0.60706 0.83566,
	0.56642 0.8382,
	0.48514 0.83058,
	0.46482 0.83058,
	0.42672 0.80772,
	0.41656 0.80518,
	0.37592 0.77724,
	0.36322 0.75692,
	0.35306 0.74676,
	0.3302 0.70866,
	0.3302 0.70358,
	0.32512 0.6985,
	0.31242 0.65786,
	0.3048 0.61722,
	0.3048 0.57658,
	0.3048 0.56896,
	"/>
</Transform>

</Section>