<?xml version="1.0"?>
<!DOCTYPE Section SYSTEM "section.dtd">

<Section index="23" thickness="0.05" alignLocked="false">
<Transform dim="0"
 xcoef=" 0 1 0 0 0 0"
 ycoef=" 0 0 1 0 0 0">
<Image mag="0.00254" contrast="1" brightness="0" red="true" green="true" blue="true"
 src="../organelle_images/cell_slice_146.jpg" />
<Contour name="domain1" hidden="false" closed="true" simplified="false" border="1 0 1" fill="1 0 1" mode="11"
 points="0 0,
	479 0,
	479 479,
	0 479,
	"/>
</Transform>

<Transform dim="0"
 xcoef=" 0 1 0 0 0 0"
 ycoef=" 0 0 1 0 0 0">
<Contour name="Cell" hidden="false" closed="true" simplified="true" border="1 0.5 0" fill="1 0.5 0" mode="13"
 points="0.37846 0.56134,
	0.38608 0.5207,
	0.38608 0.51054,
	0.3937 0.50038,
	0.39878 0.48006,
	0.41148 0.46228,
	0.4191 0.45466,
	0.4191 0.44958,
	0.43942 0.4318,
	0.47752 0.40386,
	0.49784 0.3937,
	0.50292 0.38862,
	0.54356 0.381,
	0.56388 0.37846,
	0.57404 0.37592,
	0.61468 0.37846,
	0.635 0.37846,
	0.64008 0.37846,
	0.64516 0.38354,
	0.66548 0.38862,
	0.67564 0.39116,
	0.68072 0.3937,
	0.68072 0.39878,
	0.69088 0.40132,
	0.70358 0.42164,
	0.7239 0.43688,
	0.74422 0.4572,
	0.75692 0.47752,
	0.762 0.48768,
	0.762 0.49276,
	0.76962 0.50292,
	0.77724 0.52324,
	0.78232 0.5334,
	0.78232 0.57404,
	0.7747 0.61468,
	0.76962 0.61976,
	0.76708 0.62992,
	0.75438 0.65024,
	0.74676 0.6604,
	0.73152 0.70104,
	0.72644 0.72136,
	0.7112 0.74168,
	0.69342 0.75438,
	0.6731 0.75692,
	0.63246 0.7747,
	0.59182 0.7874,
	0.51054 0.78232,
	0.49022 0.77978,
	0.45212 0.75438,
	0.4318 0.73914,
	0.40386 0.6985,
	0.39624 0.67818,
	0.39116 0.6731,
	0.38608 0.65278,
	0.38608 0.63246,
	0.381 0.62738,
	0.37846 0.58674,
	0.37846 0.56642,
	0.37846 0.56388,
	"/>
</Transform>

</Section>